{
 "cells": [
  {
   "cell_type": "markdown",
   "metadata": {},
   "source": [
    "# Final Capstone: Revisiting the Netflix Prize\n",
    "\n",
    "## Notebook 4: Dimensionality Reduction (Unsupervised Technique)\n",
    "\n",
    "There are three specific objectives here:\n",
    "\n",
    "1. Combine highly correlated variables\n",
    "2. Reduce overall volume; minimize information loss\n",
    "3. Implement unsupervised learning technique into capstone"
   ]
  },
  {
   "cell_type": "code",
   "execution_count": 1,
   "metadata": {},
   "outputs": [],
   "source": [
    "import numpy as np\n",
    "import pandas as pd\n",
    "import umap\n",
    "from sklearn.decomposition import PCA\n",
    "from sklearn.preprocessing import MinMaxScaler, StandardScaler\n",
    "pd.set_option('display.max_columns', 50)\n",
    "pd.set_option('display.float_format', '{:.4f}'.format)"
   ]
  },
  {
   "cell_type": "markdown",
   "metadata": {},
   "source": [
    "## PCA"
   ]
  },
  {
   "cell_type": "code",
   "execution_count": 2,
   "metadata": {},
   "outputs": [],
   "source": [
    "def scale_pca(data, col_name):\n",
    "    scaler = StandardScaler()\n",
    "    scaled = scaler.fit_transform(data)\n",
    "    spca = PCA(n_components=1, whiten=True, random_state=47).fit(scaled)\n",
    "    print('Explained Variance Ratio:', spca.explained_variance_ratio_)\n",
    "    spca = PCA(n_components=1, whiten=True, random_state=47).fit_transform(scaled)\n",
    "    return pd.DataFrame(spca, columns=[col_name])"
   ]
  },
  {
   "cell_type": "code",
   "execution_count": 3,
   "metadata": {},
   "outputs": [
    {
     "name": "stdout",
     "output_type": "stream",
     "text": [
      "<class 'pandas.core.frame.DataFrame'>\n",
      "RangeIndex: 1408395 entries, 0 to 1408394\n",
      "Data columns (total 16 columns):\n",
      " #   Column           Non-Null Count    Dtype  \n",
      "---  ------           --------------    -----  \n",
      " 0   mov_id           1408395 non-null  int16  \n",
      " 1   cust_id          1408395 non-null  int32  \n",
      " 2   day_rated        1408395 non-null  int16  \n",
      " 3   mov_year         1408395 non-null  int16  \n",
      " 4   avg_rate_pm_pd   1408395 non-null  float32\n",
      " 5   avg_rate_pc_pd   1408395 non-null  float32\n",
      " 6   cust_day_count   1408395 non-null  int16  \n",
      " 7   cust_days_since  1408395 non-null  int16  \n",
      " 8   mov_days_since   1408395 non-null  int16  \n",
      " 9   mov_avg_rating   1408395 non-null  float32\n",
      " 10  cust_avg_rating  1408395 non-null  float32\n",
      " 11  mov_day_avg      1408395 non-null  float32\n",
      " 12  cust_day_avg     1408395 non-null  float32\n",
      " 13  avg_rate_yr      1408395 non-null  float32\n",
      " 14  avg_rate_cst_yr  1408395 non-null  float32\n",
      " 15  bline_approx     1408395 non-null  float32\n",
      "dtypes: float32(9), int16(6), int32(1)\n",
      "memory usage: 69.8 MB\n",
      "Wall time: 129 ms\n"
     ]
    }
   ],
   "source": [
    "%%time\n",
    "# import data and reset_index to avoid mismatched indices when concatenating\n",
    "base_path = 'C:/Users/jnpol/Documents/DS/Data Science/UL/'\n",
    "quiz_features = pd.read_parquet(base_path + 'quiz_features.parquet')\n",
    "quiz_features.reset_index(drop=True, inplace=True)\n",
    "quiz_rows = len(quiz_features)\n",
    "quiz_features.info()"
   ]
  },
  {
   "cell_type": "code",
   "execution_count": 4,
   "metadata": {},
   "outputs": [
    {
     "data": {
      "text/html": [
       "<div>\n",
       "<style scoped>\n",
       "    .dataframe tbody tr th:only-of-type {\n",
       "        vertical-align: middle;\n",
       "    }\n",
       "\n",
       "    .dataframe tbody tr th {\n",
       "        vertical-align: top;\n",
       "    }\n",
       "\n",
       "    .dataframe thead th {\n",
       "        text-align: right;\n",
       "    }\n",
       "</style>\n",
       "<table border=\"1\" class=\"dataframe\">\n",
       "  <thead>\n",
       "    <tr style=\"text-align: right;\">\n",
       "      <th></th>\n",
       "      <th>mov_id</th>\n",
       "      <th>cust_id</th>\n",
       "      <th>day_rated</th>\n",
       "      <th>mov_year</th>\n",
       "      <th>avg_rate_pm_pd</th>\n",
       "      <th>avg_rate_pc_pd</th>\n",
       "      <th>cust_day_count</th>\n",
       "      <th>cust_days_since</th>\n",
       "      <th>mov_days_since</th>\n",
       "      <th>mov_avg_rating</th>\n",
       "      <th>cust_avg_rating</th>\n",
       "      <th>mov_day_avg</th>\n",
       "      <th>cust_day_avg</th>\n",
       "      <th>avg_rate_yr</th>\n",
       "      <th>avg_rate_cst_yr</th>\n",
       "      <th>bline_approx</th>\n",
       "    </tr>\n",
       "  </thead>\n",
       "  <tbody>\n",
       "    <tr>\n",
       "      <th>mov_id</th>\n",
       "      <td>1.0000</td>\n",
       "      <td>0.0001</td>\n",
       "      <td>0.0311</td>\n",
       "      <td>0.0263</td>\n",
       "      <td>-0.1135</td>\n",
       "      <td>0.0202</td>\n",
       "      <td>-0.3419</td>\n",
       "      <td>0.1129</td>\n",
       "      <td>-0.1240</td>\n",
       "      <td>-0.0231</td>\n",
       "      <td>-0.0288</td>\n",
       "      <td>-0.0191</td>\n",
       "      <td>-0.0228</td>\n",
       "      <td>-0.0261</td>\n",
       "      <td>-0.0203</td>\n",
       "      <td>-0.0084</td>\n",
       "    </tr>\n",
       "    <tr>\n",
       "      <th>cust_id</th>\n",
       "      <td>0.0001</td>\n",
       "      <td>1.0000</td>\n",
       "      <td>0.0009</td>\n",
       "      <td>0.0013</td>\n",
       "      <td>0.0006</td>\n",
       "      <td>-0.0012</td>\n",
       "      <td>-0.0017</td>\n",
       "      <td>-0.0021</td>\n",
       "      <td>0.0001</td>\n",
       "      <td>-0.0001</td>\n",
       "      <td>0.0002</td>\n",
       "      <td>0.0006</td>\n",
       "      <td>0.0010</td>\n",
       "      <td>-0.0010</td>\n",
       "      <td>-0.0005</td>\n",
       "      <td>0.0013</td>\n",
       "    </tr>\n",
       "    <tr>\n",
       "      <th>day_rated</th>\n",
       "      <td>0.0311</td>\n",
       "      <td>0.0009</td>\n",
       "      <td>1.0000</td>\n",
       "      <td>0.0017</td>\n",
       "      <td>-0.1207</td>\n",
       "      <td>0.2219</td>\n",
       "      <td>-0.0223</td>\n",
       "      <td>0.1082</td>\n",
       "      <td>0.1276</td>\n",
       "      <td>0.0268</td>\n",
       "      <td>0.0313</td>\n",
       "      <td>0.0373</td>\n",
       "      <td>0.0090</td>\n",
       "      <td>0.0306</td>\n",
       "      <td>0.0206</td>\n",
       "      <td>0.0032</td>\n",
       "    </tr>\n",
       "    <tr>\n",
       "      <th>mov_year</th>\n",
       "      <td>0.0263</td>\n",
       "      <td>0.0013</td>\n",
       "      <td>0.0017</td>\n",
       "      <td>1.0000</td>\n",
       "      <td>0.2136</td>\n",
       "      <td>-0.0622</td>\n",
       "      <td>-0.0633</td>\n",
       "      <td>0.0035</td>\n",
       "      <td>-0.4538</td>\n",
       "      <td>-0.1729</td>\n",
       "      <td>-0.0183</td>\n",
       "      <td>-0.1607</td>\n",
       "      <td>-0.0328</td>\n",
       "      <td>-0.8810</td>\n",
       "      <td>-0.1144</td>\n",
       "      <td>-0.0454</td>\n",
       "    </tr>\n",
       "    <tr>\n",
       "      <th>avg_rate_pm_pd</th>\n",
       "      <td>-0.1135</td>\n",
       "      <td>0.0006</td>\n",
       "      <td>-0.1207</td>\n",
       "      <td>0.2136</td>\n",
       "      <td>1.0000</td>\n",
       "      <td>-0.2004</td>\n",
       "      <td>0.1166</td>\n",
       "      <td>-0.1443</td>\n",
       "      <td>0.0843</td>\n",
       "      <td>0.1823</td>\n",
       "      <td>0.0490</td>\n",
       "      <td>0.1184</td>\n",
       "      <td>0.0253</td>\n",
       "      <td>-0.2400</td>\n",
       "      <td>0.0042</td>\n",
       "      <td>-0.0131</td>\n",
       "    </tr>\n",
       "    <tr>\n",
       "      <th>avg_rate_pc_pd</th>\n",
       "      <td>0.0202</td>\n",
       "      <td>-0.0012</td>\n",
       "      <td>0.2219</td>\n",
       "      <td>-0.0622</td>\n",
       "      <td>-0.2004</td>\n",
       "      <td>1.0000</td>\n",
       "      <td>0.0158</td>\n",
       "      <td>0.3545</td>\n",
       "      <td>0.0137</td>\n",
       "      <td>-0.0285</td>\n",
       "      <td>-0.1061</td>\n",
       "      <td>-0.0159</td>\n",
       "      <td>-0.0542</td>\n",
       "      <td>0.0748</td>\n",
       "      <td>-0.0559</td>\n",
       "      <td>0.0082</td>\n",
       "    </tr>\n",
       "    <tr>\n",
       "      <th>cust_day_count</th>\n",
       "      <td>-0.3419</td>\n",
       "      <td>-0.0017</td>\n",
       "      <td>-0.0223</td>\n",
       "      <td>-0.0633</td>\n",
       "      <td>0.1166</td>\n",
       "      <td>0.0158</td>\n",
       "      <td>1.0000</td>\n",
       "      <td>-0.1506</td>\n",
       "      <td>0.1841</td>\n",
       "      <td>0.0309</td>\n",
       "      <td>0.0327</td>\n",
       "      <td>0.0352</td>\n",
       "      <td>0.0203</td>\n",
       "      <td>0.0669</td>\n",
       "      <td>0.0258</td>\n",
       "      <td>0.0105</td>\n",
       "    </tr>\n",
       "    <tr>\n",
       "      <th>cust_days_since</th>\n",
       "      <td>0.1129</td>\n",
       "      <td>-0.0021</td>\n",
       "      <td>0.1082</td>\n",
       "      <td>0.0035</td>\n",
       "      <td>-0.1443</td>\n",
       "      <td>0.3545</td>\n",
       "      <td>-0.1506</td>\n",
       "      <td>1.0000</td>\n",
       "      <td>-0.1112</td>\n",
       "      <td>-0.0053</td>\n",
       "      <td>-0.1700</td>\n",
       "      <td>-0.0174</td>\n",
       "      <td>-0.0624</td>\n",
       "      <td>0.0038</td>\n",
       "      <td>-0.0906</td>\n",
       "      <td>0.0235</td>\n",
       "    </tr>\n",
       "    <tr>\n",
       "      <th>mov_days_since</th>\n",
       "      <td>-0.1240</td>\n",
       "      <td>0.0001</td>\n",
       "      <td>0.1276</td>\n",
       "      <td>-0.4538</td>\n",
       "      <td>0.0843</td>\n",
       "      <td>0.0137</td>\n",
       "      <td>0.1841</td>\n",
       "      <td>-0.1112</td>\n",
       "      <td>1.0000</td>\n",
       "      <td>0.0626</td>\n",
       "      <td>0.0713</td>\n",
       "      <td>0.1201</td>\n",
       "      <td>0.0508</td>\n",
       "      <td>0.4692</td>\n",
       "      <td>0.1114</td>\n",
       "      <td>0.0615</td>\n",
       "    </tr>\n",
       "    <tr>\n",
       "      <th>mov_avg_rating</th>\n",
       "      <td>-0.0231</td>\n",
       "      <td>-0.0001</td>\n",
       "      <td>0.0268</td>\n",
       "      <td>-0.1729</td>\n",
       "      <td>0.1823</td>\n",
       "      <td>-0.0285</td>\n",
       "      <td>0.0309</td>\n",
       "      <td>-0.0053</td>\n",
       "      <td>0.0626</td>\n",
       "      <td>1.0000</td>\n",
       "      <td>0.0403</td>\n",
       "      <td>0.7026</td>\n",
       "      <td>0.0587</td>\n",
       "      <td>0.1963</td>\n",
       "      <td>0.0478</td>\n",
       "      <td>0.0119</td>\n",
       "    </tr>\n",
       "    <tr>\n",
       "      <th>cust_avg_rating</th>\n",
       "      <td>-0.0288</td>\n",
       "      <td>0.0002</td>\n",
       "      <td>0.0313</td>\n",
       "      <td>-0.0183</td>\n",
       "      <td>0.0490</td>\n",
       "      <td>-0.1061</td>\n",
       "      <td>0.0327</td>\n",
       "      <td>-0.1700</td>\n",
       "      <td>0.0713</td>\n",
       "      <td>0.0403</td>\n",
       "      <td>1.0000</td>\n",
       "      <td>0.0424</td>\n",
       "      <td>0.5286</td>\n",
       "      <td>0.0198</td>\n",
       "      <td>0.5809</td>\n",
       "      <td>-0.0171</td>\n",
       "    </tr>\n",
       "    <tr>\n",
       "      <th>mov_day_avg</th>\n",
       "      <td>-0.0191</td>\n",
       "      <td>0.0006</td>\n",
       "      <td>0.0373</td>\n",
       "      <td>-0.1607</td>\n",
       "      <td>0.1184</td>\n",
       "      <td>-0.0159</td>\n",
       "      <td>0.0352</td>\n",
       "      <td>-0.0174</td>\n",
       "      <td>0.1201</td>\n",
       "      <td>0.7026</td>\n",
       "      <td>0.0424</td>\n",
       "      <td>1.0000</td>\n",
       "      <td>0.0515</td>\n",
       "      <td>0.1740</td>\n",
       "      <td>0.0474</td>\n",
       "      <td>0.3529</td>\n",
       "    </tr>\n",
       "    <tr>\n",
       "      <th>cust_day_avg</th>\n",
       "      <td>-0.0228</td>\n",
       "      <td>0.0010</td>\n",
       "      <td>0.0090</td>\n",
       "      <td>-0.0328</td>\n",
       "      <td>0.0253</td>\n",
       "      <td>-0.0542</td>\n",
       "      <td>0.0203</td>\n",
       "      <td>-0.0624</td>\n",
       "      <td>0.0508</td>\n",
       "      <td>0.0587</td>\n",
       "      <td>0.5286</td>\n",
       "      <td>0.0515</td>\n",
       "      <td>1.0000</td>\n",
       "      <td>0.0330</td>\n",
       "      <td>0.3531</td>\n",
       "      <td>0.7349</td>\n",
       "    </tr>\n",
       "    <tr>\n",
       "      <th>avg_rate_yr</th>\n",
       "      <td>-0.0261</td>\n",
       "      <td>-0.0010</td>\n",
       "      <td>0.0306</td>\n",
       "      <td>-0.8810</td>\n",
       "      <td>-0.2400</td>\n",
       "      <td>0.0748</td>\n",
       "      <td>0.0669</td>\n",
       "      <td>0.0038</td>\n",
       "      <td>0.4692</td>\n",
       "      <td>0.1963</td>\n",
       "      <td>0.0198</td>\n",
       "      <td>0.1740</td>\n",
       "      <td>0.0330</td>\n",
       "      <td>1.0000</td>\n",
       "      <td>0.1256</td>\n",
       "      <td>0.0420</td>\n",
       "    </tr>\n",
       "    <tr>\n",
       "      <th>avg_rate_cst_yr</th>\n",
       "      <td>-0.0203</td>\n",
       "      <td>-0.0005</td>\n",
       "      <td>0.0206</td>\n",
       "      <td>-0.1144</td>\n",
       "      <td>0.0042</td>\n",
       "      <td>-0.0559</td>\n",
       "      <td>0.0258</td>\n",
       "      <td>-0.0906</td>\n",
       "      <td>0.1114</td>\n",
       "      <td>0.0478</td>\n",
       "      <td>0.5809</td>\n",
       "      <td>0.0474</td>\n",
       "      <td>0.3531</td>\n",
       "      <td>0.1256</td>\n",
       "      <td>1.0000</td>\n",
       "      <td>0.0407</td>\n",
       "    </tr>\n",
       "    <tr>\n",
       "      <th>bline_approx</th>\n",
       "      <td>-0.0084</td>\n",
       "      <td>0.0013</td>\n",
       "      <td>0.0032</td>\n",
       "      <td>-0.0454</td>\n",
       "      <td>-0.0131</td>\n",
       "      <td>0.0082</td>\n",
       "      <td>0.0105</td>\n",
       "      <td>0.0235</td>\n",
       "      <td>0.0615</td>\n",
       "      <td>0.0119</td>\n",
       "      <td>-0.0171</td>\n",
       "      <td>0.3529</td>\n",
       "      <td>0.7349</td>\n",
       "      <td>0.0420</td>\n",
       "      <td>0.0407</td>\n",
       "      <td>1.0000</td>\n",
       "    </tr>\n",
       "  </tbody>\n",
       "</table>\n",
       "</div>"
      ],
      "text/plain": [
       "                 mov_id  cust_id  day_rated  mov_year  avg_rate_pm_pd  \\\n",
       "mov_id           1.0000   0.0001     0.0311    0.0263         -0.1135   \n",
       "cust_id          0.0001   1.0000     0.0009    0.0013          0.0006   \n",
       "day_rated        0.0311   0.0009     1.0000    0.0017         -0.1207   \n",
       "mov_year         0.0263   0.0013     0.0017    1.0000          0.2136   \n",
       "avg_rate_pm_pd  -0.1135   0.0006    -0.1207    0.2136          1.0000   \n",
       "avg_rate_pc_pd   0.0202  -0.0012     0.2219   -0.0622         -0.2004   \n",
       "cust_day_count  -0.3419  -0.0017    -0.0223   -0.0633          0.1166   \n",
       "cust_days_since  0.1129  -0.0021     0.1082    0.0035         -0.1443   \n",
       "mov_days_since  -0.1240   0.0001     0.1276   -0.4538          0.0843   \n",
       "mov_avg_rating  -0.0231  -0.0001     0.0268   -0.1729          0.1823   \n",
       "cust_avg_rating -0.0288   0.0002     0.0313   -0.0183          0.0490   \n",
       "mov_day_avg     -0.0191   0.0006     0.0373   -0.1607          0.1184   \n",
       "cust_day_avg    -0.0228   0.0010     0.0090   -0.0328          0.0253   \n",
       "avg_rate_yr     -0.0261  -0.0010     0.0306   -0.8810         -0.2400   \n",
       "avg_rate_cst_yr -0.0203  -0.0005     0.0206   -0.1144          0.0042   \n",
       "bline_approx    -0.0084   0.0013     0.0032   -0.0454         -0.0131   \n",
       "\n",
       "                 avg_rate_pc_pd  cust_day_count  cust_days_since  \\\n",
       "mov_id                   0.0202         -0.3419           0.1129   \n",
       "cust_id                 -0.0012         -0.0017          -0.0021   \n",
       "day_rated                0.2219         -0.0223           0.1082   \n",
       "mov_year                -0.0622         -0.0633           0.0035   \n",
       "avg_rate_pm_pd          -0.2004          0.1166          -0.1443   \n",
       "avg_rate_pc_pd           1.0000          0.0158           0.3545   \n",
       "cust_day_count           0.0158          1.0000          -0.1506   \n",
       "cust_days_since          0.3545         -0.1506           1.0000   \n",
       "mov_days_since           0.0137          0.1841          -0.1112   \n",
       "mov_avg_rating          -0.0285          0.0309          -0.0053   \n",
       "cust_avg_rating         -0.1061          0.0327          -0.1700   \n",
       "mov_day_avg             -0.0159          0.0352          -0.0174   \n",
       "cust_day_avg            -0.0542          0.0203          -0.0624   \n",
       "avg_rate_yr              0.0748          0.0669           0.0038   \n",
       "avg_rate_cst_yr         -0.0559          0.0258          -0.0906   \n",
       "bline_approx             0.0082          0.0105           0.0235   \n",
       "\n",
       "                 mov_days_since  mov_avg_rating  cust_avg_rating  mov_day_avg  \\\n",
       "mov_id                  -0.1240         -0.0231          -0.0288      -0.0191   \n",
       "cust_id                  0.0001         -0.0001           0.0002       0.0006   \n",
       "day_rated                0.1276          0.0268           0.0313       0.0373   \n",
       "mov_year                -0.4538         -0.1729          -0.0183      -0.1607   \n",
       "avg_rate_pm_pd           0.0843          0.1823           0.0490       0.1184   \n",
       "avg_rate_pc_pd           0.0137         -0.0285          -0.1061      -0.0159   \n",
       "cust_day_count           0.1841          0.0309           0.0327       0.0352   \n",
       "cust_days_since         -0.1112         -0.0053          -0.1700      -0.0174   \n",
       "mov_days_since           1.0000          0.0626           0.0713       0.1201   \n",
       "mov_avg_rating           0.0626          1.0000           0.0403       0.7026   \n",
       "cust_avg_rating          0.0713          0.0403           1.0000       0.0424   \n",
       "mov_day_avg              0.1201          0.7026           0.0424       1.0000   \n",
       "cust_day_avg             0.0508          0.0587           0.5286       0.0515   \n",
       "avg_rate_yr              0.4692          0.1963           0.0198       0.1740   \n",
       "avg_rate_cst_yr          0.1114          0.0478           0.5809       0.0474   \n",
       "bline_approx             0.0615          0.0119          -0.0171       0.3529   \n",
       "\n",
       "                 cust_day_avg  avg_rate_yr  avg_rate_cst_yr  bline_approx  \n",
       "mov_id                -0.0228      -0.0261          -0.0203       -0.0084  \n",
       "cust_id                0.0010      -0.0010          -0.0005        0.0013  \n",
       "day_rated              0.0090       0.0306           0.0206        0.0032  \n",
       "mov_year              -0.0328      -0.8810          -0.1144       -0.0454  \n",
       "avg_rate_pm_pd         0.0253      -0.2400           0.0042       -0.0131  \n",
       "avg_rate_pc_pd        -0.0542       0.0748          -0.0559        0.0082  \n",
       "cust_day_count         0.0203       0.0669           0.0258        0.0105  \n",
       "cust_days_since       -0.0624       0.0038          -0.0906        0.0235  \n",
       "mov_days_since         0.0508       0.4692           0.1114        0.0615  \n",
       "mov_avg_rating         0.0587       0.1963           0.0478        0.0119  \n",
       "cust_avg_rating        0.5286       0.0198           0.5809       -0.0171  \n",
       "mov_day_avg            0.0515       0.1740           0.0474        0.3529  \n",
       "cust_day_avg           1.0000       0.0330           0.3531        0.7349  \n",
       "avg_rate_yr            0.0330       1.0000           0.1256        0.0420  \n",
       "avg_rate_cst_yr        0.3531       0.1256           1.0000        0.0407  \n",
       "bline_approx           0.7349       0.0420           0.0407        1.0000  "
      ]
     },
     "execution_count": 4,
     "metadata": {},
     "output_type": "execute_result"
    }
   ],
   "source": [
    "quiz_features.corr()"
   ]
  },
  {
   "cell_type": "code",
   "execution_count": 5,
   "metadata": {},
   "outputs": [
    {
     "name": "stdout",
     "output_type": "stream",
     "text": [
      "Explained Variance Ratio: [0.45276017]\n",
      "Wall time: 1.36 s\n"
     ]
    }
   ],
   "source": [
    "%%time\n",
    "# perform PCA on the quiz data\n",
    "pca_quiz = quiz_features[['mov_year', 'cust_days_since', 'mov_days_since',\n",
    "                          'avg_rate_yr', 'avg_rate_cst_yr']].copy()\n",
    "pc_quiz = scale_pca(pca_quiz, 'quiz_pc')\n",
    "del pca_quiz\n",
    "\n",
    "quiz_features = pd.concat([quiz_features, pc_quiz], axis=1)\n",
    "quiz_features.to_parquet('quiz_pca.parquet')\n",
    "del quiz_features, pc_quiz"
   ]
  },
  {
   "cell_type": "code",
   "execution_count": 6,
   "metadata": {},
   "outputs": [
    {
     "name": "stdout",
     "output_type": "stream",
     "text": [
      "<class 'pandas.core.frame.DataFrame'>\n",
      "RangeIndex: 99072112 entries, 0 to 99072111\n",
      "Data columns (total 16 columns):\n",
      " #   Column           Dtype  \n",
      "---  ------           -----  \n",
      " 0   mov_id           int16  \n",
      " 1   cust_id          int32  \n",
      " 2   day_rated        int16  \n",
      " 3   mov_year         int16  \n",
      " 4   avg_rate_pm_pd   float32\n",
      " 5   avg_rate_pc_pd   float32\n",
      " 6   cust_day_count   int16  \n",
      " 7   cust_days_since  int16  \n",
      " 8   mov_days_since   int16  \n",
      " 9   mov_avg_rating   float32\n",
      " 10  cust_avg_rating  float32\n",
      " 11  mov_day_avg      float32\n",
      " 12  cust_day_avg     float32\n",
      " 13  avg_rate_yr      float32\n",
      " 14  avg_rate_cst_yr  float32\n",
      " 15  bline_approx     float32\n",
      "dtypes: float32(9), int16(6), int32(1)\n",
      "memory usage: 4.8 GB\n",
      "Wall time: 3.62 s\n"
     ]
    }
   ],
   "source": [
    "%%time\n",
    "train_features = pd.read_parquet(base_path + 'train_features.parquet')\n",
    "train_features.reset_index(drop=True, inplace=True)\n",
    "train_rows = len(train_features)\n",
    "train_features.info()"
   ]
  },
  {
   "cell_type": "code",
   "execution_count": 7,
   "metadata": {},
   "outputs": [
    {
     "name": "stdout",
     "output_type": "stream",
     "text": [
      "Explained Variance Ratio: [0.42491698]\n",
      "Wall time: 1min 33s\n"
     ]
    }
   ],
   "source": [
    "%%time\n",
    "# perform PCA on the training data\n",
    "pca_train = train_features[['mov_year', 'cust_days_since', 'mov_days_since',\n",
    "                            'avg_rate_yr', 'avg_rate_cst_yr']].copy()\n",
    "pc_train = scale_pca(pca_train, 'train_pc')\n",
    "del pca_train\n",
    "\n",
    "train_features = pd.concat([train_features, pc_train], axis=1)\n",
    "train_features.to_parquet('train_pca.parquet')\n",
    "del train_features, pc_train"
   ]
  },
  {
   "cell_type": "markdown",
   "metadata": {},
   "source": [
    "## UMAP\n",
    "\n",
    "As with PCA, UMAP was attempted on the quiz set first, in order to estimate both processing time and memory consumption prior to processing the training set. I terminated the process after 3 minutes, since the training set would have taken a minimum of 3.5 hours to process. See below."
   ]
  },
  {
   "cell_type": "code",
   "execution_count": 9,
   "metadata": {},
   "outputs": [
    {
     "name": "stdout",
     "output_type": "stream",
     "text": [
      "The training set is approximately 68.38 times larger than the quiz set.\n"
     ]
    }
   ],
   "source": [
    "print('The training set is approximately',\n",
    "      round(train_rows/quiz_rows, 2), 'times larger than the quiz set.')"
   ]
  }
 ],
 "metadata": {
  "kernelspec": {
   "display_name": "Python 3",
   "language": "python",
   "name": "python3"
  },
  "language_info": {
   "codemirror_mode": {
    "name": "ipython",
    "version": 3
   },
   "file_extension": ".py",
   "mimetype": "text/x-python",
   "name": "python",
   "nbconvert_exporter": "python",
   "pygments_lexer": "ipython3",
   "version": "3.7.9"
  }
 },
 "nbformat": 4,
 "nbformat_minor": 4
}
